boottime <-c(5,5,5,5,6,6,7,7,7,7,8,8,9,9,10,10,11,11,12,12,12,12,13,13,14,14,14,14,15,15,5,5,6,6,6,6,7,7,8,8,9,9,10,10,10,10,11,11)
eeprom <-c(102,126,136,165,207,250,284,295,305,334,377,411,440,482,517,528,538,631,674,698,716,741,751,780,814,843,868,886,910,61,103,138,167,201,212,230,265,294,337,379,404,422,457,468,486,528,553,563)
sdram <-c(1328,1240,1252,1226,1252,1248,1252,1226,1252,1226,1252,1248,1252,1248,1252,1226,1226,1252,1226,1252,1248,1252,1248,1252,1226,1252,1226,1252,1226,1252,1226,1328,1230,1242,1238,1242,1222,1242,1222,1242,1238,1242,1222,1242,1222,1242,1238,1232,1212)
