downtime <-c(61,117,123,243,123,248,63,116,124,245,71,69,305,123,137,69,137,117,123,140,116,62,117,62,70,137,116,124,303,123,243,61,117,64,117,62,74,245,62,70,244,123,304,123,244,124,137,117,70,117,63,69,137,69,245,62,71,304,63,117,123,137,71,137,79,141,116,62,71,243,123,244,115,117,123,137,116,62,117,61,118,134,244,62,117,124,244,144,141,70,137,70,137,71,244,123,262,123,243,123)
eeprom <-c(178,224,288,391,455,558,586,632,696,799,827,863,152,216,273,309,366,412,476,533,579,607,653,681,717,774,820,884,152,216,319,347,393,421,467,495,531,634,662,698,801,865,152,216,319,383,440,486,514,560,588,624,681,717,820,848,884,152,180,226,290,347,383,440,476,533,579,607,643,746,810,913,105,151,215,272,318,346,392,420,466,530,633,661,707,771,874,48,105,141,198,234,291,327,430,494,597,661,764,828)
sdram <-c(229,229,229,229,221,221,221,221,221,221,221,221,221,221,221,221,221,221,213,213,213,213,213,213,213,213,213,213,213,213,213,213,213,213,213,213,213,213,213,213,213,213,213,213,213,213,213,213,213,213,213,213,213,213,213,213,213,213,213,213,213,213,213,213,213,213,213,213,213,213,213,213,213,213,213,213,213,213,213,213,213,213,213,213,213,213,213,213,213,213,213,213,213,213,213,213,213,213,213,213)
