downtime <-c(235,396,235,397,248,221,139,240,139,397,234,915,247,378,234,239,139,240,184,112,139,239,183,234,915,110,140,241,153,221,184,111,184,112,139,240,141,239,183,234,916,247,58,397,111,140,398,233,94,221,184,233,94,59,94,221,139,94,582,140,396,112,183,111,183,235,240,139,396,248,379,235,600,153,222,183,246,58,94,221,141,93,59,240,184,110,152,377,111,139,240,139,915,233,241,154,379,248,222,184)
eeprom <-c(216,321,385,490,558,614,650,709,745,850,914,154,222,324,388,447,483,542,588,616,652,711,757,821,154,182,218,277,317,373,419,447,493,521,557,616,652,711,757,821,154,222,234,339,367,403,508,572,591,647,693,757,776,788,807,863,899,918,107,143,248,276,322,350,396,460,519,555,660,728,830,894,107,147,203,249,317,329,348,404,440,459,471,530,576,604,644,746,774,810,869,905,154,218,277,317,419,487,543,589)
sdram <-c(809,809,801,801,801,801,801,801,801,801,801,801,801,801,801,801,801,801,801,793,793,793,793,793,793,793,793,793,793,793,793,793,793,793,793,793,793,793,793,793,793,793,793,793,793,793,793,793,793,793,793,793,793,793,793,793,793,793,793,793,793,793,793,793,793,793,793,793,793,793,793,793,793,793,793,793,793,793,793,793,793,793,793,793,793,793,793,793,793,793,793,793,793,793,793,793,793,793,793,793)
