downtime <-c(64,145,234,152,137,230,223,115,235,287,124,115,298,152,127,314,178,314,64,167,241,153,143,235,154,127,529,184,184,133,198,174,64,177,180,164,158,180,160,158,123,325,229,214,149,294,124,160,292,122,146,287,229,507,129,152,154,123,176,130,327,187,312,181,465,123,181,179,314,64,129,328,185,191,135,263,118,384,185,193,179,63,166,185,173,135,314,63,154,122,145,501,180,306,182,321,181,180,168,183,318,271,268,228,214,115,217,219,160,217,115,223,287,122,115,298,299,129,153,153,138,233,159,139,301,175,174,162,175,527,184,192,177,64,138,124,115,226,260,204,263,244,164,144,313,64,127,314,193,191,182,185,185,133,200,382,189,255,117,175,183,199,181,184,187,133,200,149,330,141,269,216,277,120,188,187,198,136,264,118,175,273,220,151,293,173,158,155,123,122,122,181,64,145,239,294,124,324,223,212,117,216,289,125,183,185,316,186,476,208,213,147,287,251,291,228,293,123,115,243,306,127,116,128,149,276,230,225,151,153,121,314,64,121,356,88,307,123,115,224,213,121,123,141,270,217,212,117,118,228,300,128,116,125,136,216,116,212,268,219,265,218,484,127,147,213,116,216,289,125,182,197,319,64,169,274,199,146,212,115,118,135,264,118,151,205,154,278,224,494,130,147,285,123,147,300,235,218,115,128,177,64,164,123,324,127,147,275,121,147,212,121,219,217,116,123,135,259,117,226,216,88,308,124,87,158,153,250,152,143,229,152,137,228,338,153,217,88,160,129,186,143,327,189,254,116,175,270,218,155,292,129,154,217,88,308,129,153,295,123,116,119,135,329,139,205,148,276,223,300,129,116,123,134,255,117,176,63,215,261,213,264,119,134,277,218,218,116,214,266,246,308,127,88,301,122,117,230,226,151,300,124,147,293,240,141,219,157,217,88,308,188,180,132,314,184,316,170,122,88,301,122,88,158,141,181,135,199,183,182,193,226,300,180,158,153,122,115,119,135,213,179,64,170,123,115,121,148,213,176,320,63,160,123,116,119,175,64,153,251,299,129,150,294,123,149,506,179,158,128,184,133,331,63,169,182,315,64,137,271,190,175,64,143,129,154,216,89,313,129,146,153,121,314,178,302,127,181,132,316)
eeprom <-c(178,224,297,364,410,483,550,596,669,782,810,856,47,114,159,272,345,458,486,532,605,672,718,791,858,903,152,225,292,337,404,450,478,524,597,664,710,783,850,896,924,152,225,292,337,450,478,523,636,664,709,822,895,152,180,225,292,337,404,449,562,635,748,821,152,180,226,299,412,440,485,598,671,738,783,896,924,152,225,292,338,366,412,485,552,597,710,738,784,812,857,152,225,338,411,524,597,664,710,783,896,47,160,233,300,346,419,486,531,598,644,717,830,858,904,47,160,188,233,300,346,419,486,531,644,717,784,830,903,152,225,292,338,366,412,440,486,559,672,745,858,47,114,159,272,300,345,458,531,598,644,717,784,829,896,152,225,338,366,412,485,552,598,671,738,783,850,895,105,150,263,336,449,477,523,596,663,708,821,849,895,47,114,159,272,345,412,458,486,532,560,606,634,680,753,866,894,152,225,292,338,411,524,552,598,671,784,857,152,225,292,337,450,523,636,709,822,850,896,47,160,188,234,262,307,420,493,560,605,672,717,830,858,903,105,150,263,291,337,410,477,523,551,596,709,782,849,895,923,47,160,188,234,262,307,374,420,493,606,679,792,865,152,180,225,292,338,411,524,552,598,671,784,812,858,47,114,159,226,272,300,345,458,486,531,598,643,756,829,152,180,225,338,366,411,524,597,664,710,738,784,812,858,886,152,180,225,338,366,411,478,524,597,664,710,738,783,896,924,47,114,159,272,300,345,412,458,531,598,644,717,784,830,903,105,150,217,262,329,374,441,486,599,672,785,813,859,47,114,159,272,300,345,412,457,570,598,643,756,784,830,858,903,105,150,217,262,375,448,561,589,635,663,708,821,849,895,923,47,160,233,346,374,419,532,605,672,718,791,904,47,160,188,233,346,374,420,493,560,605,718,746,791,904,105,150,217,262,329,374,487,560,627,672,785,858,105,151,179,224,337,365,410,477,522,589,634,701,747,820,887,47,160,233,300,346,374,420,448,493,560,606,634,680,708,754,782,827,894,47,160,188,234,262,308,336,382,410,456,529,642,670,715,828,856,901,152,225,292,337,404,449,562,590,636,709,822,850,896,47,114,160,188,234,262,307,374,419,532,560,605,672,717,830,903,105,150,217,262,375)
sdram <-c(177,177,177,177,177,177,177,177,177,177,169,169,169,169,169,169,169,169,169,169,169,169,169,161,161,161,161,161,161,161,161,161,161,161,161,161,161,161,161,161,161,161,161,161,161,161,161,161,161,161,161,161,161,161,161,161,161,161,161,161,161,161,161,161,161,161,161,161,161,161,161,161,161,161,161,161,161,161,161,161,161,161,161,161,161,161,161,161,161,161,161,161,161,161,161,161,161,161,161,161,161,161,161,161,161,161,161,161,161,161,161,161,161,161,161,161,161,161,161,161,161,161,161,161,161,161,161,161,161,161,161,161,161,161,161,161,161,161,161,161,161,161,161,161,161,161,161,161,161,161,161,161,161,161,161,161,161,161,161,161,161,161,161,161,161,161,161,161,161,161,161,161,161,161,161,161,161,161,161,161,161,161,161,161,161,161,161,161,161,161,161,161,161,161,161,161,161,161,161,161,161,161,161,161,161,161,161,161,161,161,161,161,161,161,161,161,161,161,161,161,161,161,161,161,161,161,161,161,161,161,161,161,161,161,161,161,161,161,161,161,161,161,161,161,161,161,161,161,161,161,161,161,161,161,161,161,161,161,161,161,161,161,161,161,161,161,161,161,161,161,161,161,161,161,161,161,161,161,161,161,161,161,161,161,161,161,161,161,161,161,161,161,161,161,161,161,161,161,161,161,161,161,161,161,161,161,161,161,161,161,161,161,161,161,161,161,161,161,161,161,161,161,161,161,161,161,161,161,161,161,161,161,161,161,161,161,161,161,161,161,161,161,161,161,161,161,161,161,161,161,161,161,161,161,161,161,161,161,161,161,161,161,161,161,161,161,161,161,161,161,161,161,161,161,161,161,161,161,161,161,161,161,161,161,161,161,161,161,161,161,161,161,161,161,161,161,161,161,161,161,161,161,161,161,161,161,161,161,161,161,161,161,161,161,161,161,161,161,161,161,161,161,161,161,161,161,161,161,161,161,161,161,161,161,161,161,161,161,161,161,161,161,161,161,161,161,161,161,161,161,161,161,161,161,161,161,161,161,161,161,161,161,161,161,161,161,161,161,161,161,161,161,161,161,161,161,161,161,161,161,161,161,161,161,161,161,161,161,161,161,161,161,161,161,161,161,161,161,161,161)
