boottime <-c(24)
eeprom <-c(178,223,336,409,476,522,595,662,708,736,782,855,922,47,160,188,233,300,345,412,457,524,569,636,681,794,822,868,896,152,225,338,411,524,597,710,738,783,850,896,47,114,159,226,272,300,346,374,420,493)
sdram <-c(229,229,229,221,221,221,213,213,213,213,213,213,213,213,213,213,213,213,213,213,213,213,213,213,213,213,213,213,213,213,213,213,213,213,213,213,213,213,213,213,213,213,213,213,213,213,213,213,213,213)
