downtime <-c(218,137,117,94,59,37,297,70,167,175,304,183,190,135,297,180,121,37,202,81,100,280,125,116,206,267,238,286,128,117,225,279,171,127,132,122,299,63,127,37,172,176,175,56,150,142,56,150,163,170,182,130,194,81,95,308,131,117,203,185,71,299,64,153,175,105,207,71,179,134,190,117,220,126,138,178,305,179,238,117,128,56,95,297,132,86,293,175,228,203,37,57,96,287,229,125,130,36,156,126,195,129,137,123,309,63,168,177,299,179,256,245,36,204,135,59,256,224,59,184,115,118,153,191,116,223,289,125,117,119,140,195,129,126,140,183,71,171,140,267,128,137,143,155,230,125,131,57,150,164,124,81,293,189,36,298,63,117,285,64,125,58,292,70,145,129,145,37,204,115,120,141,186,80,96,142,134,166,129,250,217,280,171,314,64,160,130,71,299,174,178,141,36,266,123,135,267,219,126,124,178,174,190,192,145,126,125,58,146,127,186,116,209,38,241,123,135,197,116,118,141,263,176,293,64,137,167,299,65,118,313,182,56,293,62,160,129,70,162,132,57,166,140,246,219,273,170,304,186,231,200,194,116,217,37,197,116,229,35,202,135,137,125,57,96,198,71,117,279,179,100,194,116,216,289,170,115,37,200,144,297,128,71,118,126,117,182,176,176,210,146,36,203,135,58,250,218,291,122,126,269,294,175,57,156,131,36,117,36,57,101,142,136,178,176,173,228,202,261,246,286,178,299,178,250,122,188,64,130,227,200,183,80,159,128,57,176,142,267,228,292,172,296,189,56,292,63,130,243,203,197,115,232,126,122,285,177,184,81,144,132,199,144,286,125,80,96,284,124,80,150,136,57,150,126,185,139,280,171,182,130,288,184,122,268,173,305,186,106,137,131,184,181,64,133,187,131,137,125,203,180,63,131,184,130,57,36,116,126,117,297,69,168,176,167,130,187,116,213,36,57,161,129,198,135,137,154,169,285,175,57,301,63,144,174,287,64,138,124,131,138,155,136,72,161,163,120,117,216,137,123,245,229,191,116,219,37,58,95,137,116,309,191,56,177,182,181,185,116,116,140,57,101,303,182,101,283,169,117,271,168,312,179,241,203,186,70,118,278,184,123,185,116,217,137,153,122,80,143,126)
eeprom <-c(216,275,315,327,346,358,463,491,537,601,706,774,830,866,971,1035,1054,1066,1125,1165,1177,1282,1310,1356,1424,1526,1594,1696,1724,1770,1838,1940,2004,2023,2079,2115,2220,2248,2288,2300,2359,2405,2469,2488,2544,2580,2599,2655,2701,2765,2824,2860,2919,2959,2971,3076,3104,3150,3218,3274,3310,3415,3443,3489,3557,3569,3628,3664,3723,3763,3819,3865,3933,3989,4035,4099,4204,4268,4373,4401,4437,4456,4468,4573,4601,4641,4743,4811,4913,4981,4993,5012,5024,5129,5197,5253,5293,5305,5364,5400,5459,5495,5554,5590,5695,5723,5769,5833,5938,6006,6108,6176,6188,6247,6283,6302,6404,6468,6487,6543,6589,6617,6657,6713,6759,6823,6928,6956,7002,7030,7070,7126,7172,7200,7240,7296,7332,7391,7427,7532,7560,7596,7655,7701,7769,7825,7861,7880,7936,7982,8010,8050,8152,8220,8232,8337,8365,8405,8507,8535,8571,8590,8692,8720,8766,8794,8834,8846,8905,8951,8979,9019,9075,9115,9127,9186,9226,9282,9322,9424,9492,9594,9658,9763,9791,9837,9865,9901,10006,10074,10130,10170,10182,10287,10315,10351,10456,10524,10580,10620,10676,10722,10790,10846,10886,10942,10978,10997,11053,11093,11149,11195,11263,11275,11380,11408,11444,11503,11549,11577,11617,11719,11787,11889,11917,11963,12027,12132,12160,12196,12301,12365,12384,12486,12514,12560,12588,12624,12683,12719,12738,12794,12834,12936,13004,13106,13170,13275,13343,13445,13509,13568,13614,13682,13694,13753,13799,13867,13879,13938,13974,14033,14069,14088,14100,14159,14195,14214,14316,14384,14396,14455,14501,14565,14670,14734,14753,14765,14824,14860,14965,14993,15029,15048,15104,15140,15199,15245,15309,15368,15408,15420,15479,15515,15534,15636,15700,15805,15833,15879,67,169,233,252,308,348,360,379,391,410,422,481,517,576,622,690,792,860,962,1030,1132,1196,1301,1369,1471,1499,1545,1573,1613,1715,1783,1839,1879,1935,1971,1990,2046,2082,2187,2251,2356,2424,2526,2590,2609,2711,2739,2775,2880,2944,3003,3049,3117,3173,3213,3315,3383,3439,3479,3535,3575,3631,3671,3773,3801,3841,3853,3958,3986,4026,4082,4118,4137,4193,4233,4289,4329,4431,4495,4554,4590,4695,4759,4778,4880,4944,5049,5117,5129,5188,5228,5284,5330,5358,5398,5454,5490,5549,5585,5644,5690,5718,5758,5814,5850,5869,5881,5900,5956,5992,6097,6125,6171,6239,6295,6335,6391,6437,6505,6517,6536,6592,6632,6688,6724,6783,6829,6897,6999,7063,7082,7184,7212,7258,7326,7428,7456,7502,7530,7566,7625,7671,7699,7735,7794,7840,7868,7914,7978,8037,8073,8178,8246,8302,8348,8416,8428,8447,8459,8518,8554,8659,8723,8742,8798,8844,8912,8968,9014,9042,9078,9097,9109,9214,9282,9294,9399,9463,9482,9584,9648,9753,9817,9922,9990,10046,10082,10101,10203,10267,10286,10342,10388,10452,10511,10557,10585,10625,10681,10721)
sdram <-c(159,159,159,159,159,159,159,159,159,159,159,159,159,159,159,159,159,159,159,159,159,159,159,159,159,159,159,159,159,159,159,159,159,159,159,159,159,159,159,159,159,159,159,159,159,159,159,159,159,159,159,159,159,159,159,159,159,159,159,159,159,159,159,159,159,159,159,159,159,159,159,159,159,159,159,159,159,159,159,159,159,159,159,159,159,159,159,159,159,159,159,159,159,159,159,159,159,159,159,159,159,159,159,159,159,159,159,159,159,159,159,159,159,159,159,159,159,159,159,159,159,159,159,159,159,159,159,159,159,159,159,159,159,159,159,159,159,159,159,159,159,159,159,159,159,159,159,159,159,159,159,159,159,151,151,151,151,151,151,151,151,151,151,151,151,151,151,151,151,151,151,151,151,151,151,151,151,151,151,151,151,151,151,151,151,151,151,151,151,151,151,151,151,151,151,151,151,151,151,151,151,151,151,151,151,151,151,151,151,151,151,151,151,151,151,151,151,151,151,151,151,151,151,151,151,151,151,151,151,151,151,151,151,151,151,151,151,151,151,151,151,151,151,151,151,151,151,151,151,151,151,151,151,151,151,151,151,151,151,151,151,151,151,151,151,151,151,151,151,151,151,151,151,151,151,151,151,151,151,151,151,151,151,151,151,151,151,151,151,151,151,151,151,151,151,151,151,151,151,151,151,151,151,151,151,151,151,151,151,151,151,151,151,151,151,151,151,151,151,151,151,151,151,151,151,151,151,151,151,151,151,151,151,151,151,151,151,151,151,151,151,151,151,151,151,151,151,151,151,151,151,151,151,151,151,151,151,151,151,151,151,151,151,151,151,151,151,151,151,151,151,151,151,151,151,151,151,151,151,151,151,151,151,151,151,151,151,151,151,151,151,151,151,151,151,151,151,151,151,151,151,151,151,151,151,151,151,151,151,151,151,151,151,151,151,151,151,151,151,151,151,151,151,151,151,151,151,151,151,151,151,151,151,151,151,151,151,151,151,151,151,151,151,151,151,151,151,151,151,151,151,151,151,151,151,151,151,151,151,151,151,151,151,151,151,151,151,151,151,151,151,151,151,151,151,151,151,151,151,151,151,151,151,151,151,151,151,151,151,151,151,151,151,151,151,151,151,151,151,151)
