downtime <-c(43,139,80,127,82,55,127,76,246,122,54,33,246,61,75,139,116,127,139,81,33,55,128,117,62,117,134,33,140,89,128,117,135,33,247,134,128,118,63,121,134,235,133,139,71,139,70,140,74,54,127,70,139,116,129,247,124,251,124,139,116,61,79,126,117,63,117,127,247,123,55,235,133,33,255,61,71,139,71,139,81,127,71,55,128,117,62,74,139,69,56,128,116,133,32,247,62,116,66,79,32,55,127,116,134,234,133,128,84,127,70,246,133,128,81,127,69,144,71,55,31,55,234,123,56,128,70,139,69,251,61,117,61,71,55,128,81,235,62,118,137,236,123,55,32,54,127,80,235,127,69,127,80,235,134,33,55,33,139,117,136,251,134,236,123,55,128,70,153,121,63,117,63,70,56,234,61,116,123,250,61,69,246,133,33,247,148,238,123,246,123,139,81,32,247,67,80,127,81,234,63,117,123,145,81,239,133,234,134,234,134,131,70,139,81,32,139,70,55,33,139,132,62,80,32,143,117,133,33,246,124,246,133,239,133,33,56,236,149,33,139,81,32,55,32,248,61,117,124,55,33,67,35,140,79,127,81,238,133,235,123,247,62,70,251,123,247,78,117,124,247,66,117,62,117,63,71,140,81,33,55,127,80,33,139,75,246,147,127,81,236,133,239,61,81,242,123,54,128,117,133,314,62,117,62,117,63,71,247,63,121,149,33,247,63,117,123,247,61,73,156,80,32,55,127,71,55,128,71,247,130,55,128,116,62,80,128,117,123,55,127,70,252,133,235,134,127,117,62,116,128,55,32,55,235,62,116,134,32,140,70,69,238,61,117,123,247,134,128,96,33,149,117,134,236,123,247,77,70,148,81,234,61,116,123,55,34,139,76,55,238,62,70,247,133,235,124,55,128,121)
eeprom <-c(216,275,315,371,407,426,482,518,623,687,706,718,823,851,887,946,992,1056,1115,1155,1167,1186,1242,1288,1316,1362,1430,1442,1501,1541,1597,1643,1711,1723,1828,1896,1952,1998,2026,2072,2140,2242,2310,2366,2402,2461,2497,2556,2592,2611,2667,2703,2762,2808,2872,2977,3041,3146,3210,3269,3315,3343,3383,3439,3485,3513,3559,3623,3728,3792,3811,3913,3981,3993,4098,4126,4162,4221,4257,4316,4356,4412,4448,4467,4523,4569,4597,4633,4692,4728,4747,4803,4849,4917,4929,5034,5062,5108,5136,5176,5188,5207,5263,5309,5377,5479,5547,5603,5643,5699,5735,5840,5908,5964,6004,6060,6096,6155,6191,6210,6222,6241,6343,6407,6426,6482,6518,6577,6613,6718,6746,6792,6820,6856,6875,6931,6971,7073,7101,7147,7215,7317,7381,7400,7412,7431,7487,7527,7629,7693,7712,7768,7808,7910,7978,7990,8009,8021,8080,8126,8190,8295,8363,8465,8529,8548,8604,8640,8699,8745,8773,8819,8847,8883,8902,9004,9032,9078,9142,9247,9275,9311,9416,9484,9496,9601,9669,9771,9835,9940,10004,10063,10103,10115,10220,10248,10288,10344,10384,10486,10514,10560,10624,10683,10723,10825,10893,10995,11063,11165,11233,11289,11325,11384,11424,11436,11495,11531,11550,11562,11621,11667,11695,11735,11747,11806,11852,11920,11932,12037,12101,12206,12274,12376,12444,12456,12475,12577,12645,12657,12716,12756,12768,12787,12799,12904,12932,12978,13042,13061,13073,13092,13104,13163,13203,13259,13299,13401,13469,13571,13635,13740,13768,13804,13909,13973,14078,14106,14152,14216,14321,14349,14395,14423,14469,14497,14533,14592,14632,14644,14663,14719,14759,14771,14830,14866,14971,15039,15095,15135,15237,15305,15407,15435,15475,15577,15641,15660,15716,15762,15830,154,182,228,256,302,330,366,471,499,545,613,625,730,758,804,868,973,1001,1037,1096,1136,1148,1167,1223,1259,1278,1334,1370,1475,1539,1558,1614,1660,1688,1728,1784,1830,1894,1913,1969,2005,2110,2178,2280,2348,2404,2450,2478,2524,2588,2607,2619,2638,2740,2768,2814,2882,2894,2953,2989,3008,3110,3138,3184,3248,3353,3421,3477,3517,3529,3588,3634,3702,3804,3868,3973,4001,4037,4096,4136,4238,4266,4312,4376,4395,4407,4466,4502,4521,4623,4651,4687,4792,4860,4962,5026,5045,5101,5147)
sdram <-c(243,243,243,243,243,243,243,243,243,205,205,205,205,205,205,205,205,205,205,205,205,205,205,205,205,205,205,205,205,205,205,205,205,205,205,205,205,205,205,205,205,205,205,205,205,205,205,205,205,205,205,205,205,205,205,205,205,205,205,205,205,205,205,205,205,205,205,205,205,205,205,205,205,205,205,205,205,205,205,205,205,205,205,205,205,205,205,205,205,205,205,205,205,205,205,205,205,205,205,205,205,205,205,205,205,205,205,205,205,205,205,205,205,205,205,205,205,205,205,205,205,205,205,205,205,205,205,205,205,205,205,205,205,205,205,205,205,205,205,205,205,205,205,205,205,205,205,205,205,205,205,205,205,205,205,205,205,205,205,205,205,205,205,205,205,205,205,205,205,205,205,205,205,205,205,205,205,205,205,205,205,205,205,205,205,205,205,205,205,205,205,205,205,205,205,205,205,205,205,205,205,205,205,205,205,205,205,205,205,205,205,205,205,205,205,205,205,205,205,205,205,205,205,205,205,205,205,205,205,205,205,205,205,205,205,205,205,205,205,205,205,205,205,205,205,205,205,205,205,205,205,205,205,205,205,205,205,205,205,205,205,205,205,205,205,205,205,205,205,205,205,205,205,205,205,205,205,205,205,205,205,205,205,205,205,205,205,205,205,205,205,205,205,205,205,205,205,205,205,205,205,205,205,205,205,205,205,205,205,205,205,205,205,205,205,205,205,205,205,205,205,205,205,205,205,205,205,205,205,205,205,205,205,205,205,205,205,205,205,205,205,205,205,205,205,205,205,205,205,205,205,205,205,205,205,205,205,205,205,205,205,205,205,205,205,205,205,205,205,205,205,205,205,205,205,205,205,205,205,205,205,205,205,205,205,205,205,205,205,205,205,205,205,205,205,205,205,205,205,205)
