downtime <-c(63,117,123,139,70,67,128,117,67,71,247,128,231,124,319,124,140,80,234,123,143,80,235,123,247,133,54,140,116,134,32,247,133,31,251,63,82,33,247,63,81,32,55,32,139,117,103,117,136,247,63,71,55,127,70,63,234,123,246,123,139,92,246,134,128,80,234,124,249,62,71,247,124,306,123,55,128,82,127,76,251,133,33,54,234,122,246,161,235,63,117,134,128,117,144,33,250,133,33,139)
eeprom <-c(180,226,290,349,385,404,460,506,534,570,675,743,845,909,154,218,277,317,419,483,542,582,684,748,853,921,48,107,153,221,233,338,406,418,523,551,591,603,708,736,776,788,807,819,878,924,107,153,217,322,350,386,405,461,497,516,618,682,787,851,910,48,153,221,277,317,419,483,588,616,652,757,821,154,218,237,293,333,389,425,530,598,610,629,731,795,900,67,169,197,243,311,367,413,481,493,598,666,678,737)
sdram <-c(171,171,171,171,171,171,171,171,171,171,171,171,171,171,171,171,171,171,171,171,171,171,171,171,171,171,171,171,171,171,171,171,171,171,171,171,171,171,171,171,171,171,171,171,171,171,171,171,171,171,171,171,171,171,171,171,171,171,171,171,171,171,171,171,171,171,171,171,171,171,171,171,171,171,171,171,171,171,171,171,171,171,171,171,171,171,171,171,171,171,171,171,171,171,171,171,171,171,171,171)
