downtime <-c(44,44,44,44,44,44,44,44,44,44,48,48,49,48,48,48,48,48,48,47,49,48,48)
eeprom <-c(61,69,77,85,93,101,109,117,125,133,142,151,160,169,178,187,196,205,214,223,232,241,250)
smallsdram <-c(1293,1246,1197,1146,1093,1038,981,922,861,798,733,666,597,526,453,413,371,327,281,233,183,131,77)
bigsdram <-c(5962,5914,5864,5812,5758,5702,5644,5584,5522,5458,5392,5324,5254,5182,5108,5032,5032,4952,4952,4868,4868,4780,4780,4688,4688,4592,4592,4492,4390,4286,4286,4178,4178,4066,4066,3950,3950,3830,3830,3706,3706,3706,3576,3576,3442,3442,3304,3304,3304,3160,3160,3012,3012,2860,2860,2860,2860,2860,2860,2860,2860,2692,2692,2692,2518,2518,2340,2340,2340,2156,2156,1968,1968,1968,1968,1968,1968,1968,1968,1764,1764,1764,1554,1554,1340,1340,1340,1340,1340,1340,1114,1114,1114,1114,1114,878,878,638,638,638)
