downtime <-c(138,271,291,105,209,272,251,189,432,452,292,209,356,105,137,251,271,432,452,291,434,686,806,251,252,137,208,686,70,208,453,251,451,271,71,296,453,433,272,190,432,105,252,106,71,70,566,432,172,291,105,272,566,432,452,189,189,172,309,71,433,137,71,209,432,190,290,172,807,106,105,432,190,308,137,172,1049,172,308,137,290,210,291,172,189,432,209,172,453,452,308,451,104,70,1031,209,70,271,105,433,190,189,307,434,453,138,308,72,190,189,452,291,105,252,291,475,173,105,104,138,451,71,308,1050,307,291,254,106,291,105,105,106,189,433,72,451,172,252,172,432,308,291,432,308,105,172,308,137,272,251,172,105,137,272,291,291,71,432,291,271,453,70,172,290,72,190,551,106,106,137,252,137,252,209,308,105,271,189,474,137,432,105,172,71,290,172,137,105,432,71,271,271,209,999,71,189,252,72,71,137)
eeprom <-c(211,435,564,660,176,775,726,298,381,655,256,789,55,352,415,736,916,380,176,681,601,123,177,546,372,689,825,123,259,877,836,239,654,772,867,244,513,405,659,910,418,365,606,623,92,601,77,417,771,735,278,888,77,585,598,893,503,373,744,707,692,824,715,786,380,173,257,591,177,519,703,196,422,670,633,848,177,678,667,909,460,874,458,704,377,484,488,885,892,658,692,213,740,277,177,263,518,441,586,863,852,286,522,722,378,248,262,534,743,603,397,257,700,733,593,55,916,480,306,821,378,330,573,177,261,681,55,299,343,540,777,924,262,233,537,607,486,488,820,862,466,477,850,807,77,734,463,860,327,384,168,615,693,553,276,485,822,582,497,803,176,367,460,772,718,262,123,315,703,212,843,453,328,659,318,482,840,261,55,871,601,482,284,755,902,533,212,114,822,92,802,236,437,168,392,731,681,638,293,210)
sdram <-c(875,875,875,875,875,875,875,875,875,875,875,875,875,875,875,875,875,875,875,875,875,875,875,875,875,875,875,875,875,875,875,875,875,875,875,875,875,875,875,875,875,891,875,875,875,875,875,875,875,875,875,875,875,875,875,875,875,875,875,875,875,875,875,875,875,875,875,875,875,875,875,875,875,875,875,875,875,875,875,875,875,875,875,875,875,891,875,875,875,875,875,875,875,875,875,891,875,875,875,875,875,875,875,875,875,875,875,875,875,875,875,875,875,875,875,875,875,875,875,875,875,875,875,875,875,875,875,875,891,875,875,875,875,875,875,875,875,875,875,875,875,875,875,875,875,875,875,875,875,875,875,875,875,875,875,875,875,875,875,875,875,875,875,875,875,875,875,875,875,875,875,875,875,875,875,875,875,875,875,875,875,875,875,875,875,875,875,875,875,875,875,875,875,875,875,875,875,875,875,891)
