ATboottime <-c(5,5,5,5,6,6,7,7,7,7,8,8,8,8,9,9,9,9,10,10,11,11,11,11,12,12,13,13,14,14,14,14,5,5,5,5,6,6,7,7,8,8,9,9,10,10,10,10,11,11)
ATeeprom <-c(102,126,136,165,189,207,231,249,283,312,336,346,357,375,410,439,463,481,515,544,569,579,608,650,693,735,778,802,812,841,876,905,84,113,147,176,219,243,261,303,346,370,380,409,452,486,515,549,578,620)
ATsdram <-c(1298,1210,1222,1196,1222,1196,1222,1196,1222,1196,1222,1196,1222,1196,1222,1196,1222,1196,1222,1196,1222,1196,1222,1218,1222,1218,1222,1218,1222,1196,1222,1196,1220,1208,1220,1208,1220,1206,1210,1206,1210,1206,1210,1190,1210,1206,1210,1206,1210,1206)
MEGA2boottime <-c(5,5,6,6,7,7,7,7,7,8,8,9,9,10,10,10,11,11,11,12,13,13,13,13,14,14,15,15,15,16,16,16,17,17,18,18,19,19,19,19,20,20,20,20,21,21,22,22,22,23,23,24,24,25,25,25,26,26,27,27,28,28,29,29,29,30,30,30,30,30,30,31,31,32,32,33,33,33,34,34,34,35,35,36,36,36,36,37,37,37,38,38,38,38,39,40,40,40,41,41,41,43,43,44,44,44,45,45,46,46,47,47,47,48,48,49,49,49,50,50,50,50,51,51,52,53,53,53,53,54,54,55,55,55,55,56,56,5,5,6,6,6,7,7,8,8,9,9,10,10,10,11,12,12,13,13,13,13,14,14,15,15,15,16,16,16,17,17,18,18,19,19,19,20,20,20,21,21,21,22,22,22,23,23,24,24,24,24,25,25,25,26,26,26,27,27,27,28,28,28)
MEGA2eeprom <-c(113,147,176,219,243,253,264,274,303,338,367,409,444,473,498,516,551,580,622,665,699,710,728,770,813,837,855,880,898,940,965,983,1018,1047,1089,1124,1153,1178,1196,1220,1230,1259,1283,1301,1335,1364,1407,1431,1441,1470,1512,1555,1597,1632,1643,1661,1704,1738,1767,1809,1852,1894,1937,1961,1971,1982,1992,2021,2045,2055,2066,2084,2126,2161,2190,2224,2253,2287,2316,2351,2380,2422,2447,2465,2490,2508,2532,2550,2575,2593,2617,2635,2660,2678,2721,2763,2798,2827,2851,2861,2890,2932,2967,2996,3030,3059,3101,3136,3165,3199,3228,3270,3295,3313,3355,3390,3419,3453,3464,3474,3503,3538,3567,3609,3652,3694,3729,3740,3758,3783,3801,3844,3868,3886,3911,3929,3971,84,113,155,180,198,240,265,283,325,360,389,432,466,495,537,580,614,643,667,677,706,731,749,791,816,834,869,880,898,940,983,1017,1046,1089,1113,1131,1166,1177,1195,1229,1258,1283,1301,1335,1364,1398,1427,1451,1461,1472,1490,1525,1554,1588,1617,1641,1659,1701,1726,1736,1765,1789,1799)
MEGA2sdram <-c(6987,6911,6911,6911,6911,6911,6911,6911,6911,6911,6911,6911,6911,6911,6911,6911,6911,6911,6911,6911,6911,6911,6911,6911,6911,6911,6911,6911,6911,6911,6911,6911,6911,6911,6911,6911,6911,6911,6911,6911,6911,6911,6911,6911,6911,6911,6911,6911,6911,6911,6911,6911,6911,6911,6911,6911,6911,6911,6911,6911,6911,6911,6911,6911,6911,6911,6911,6911,6911,6911,6911,6911,6911,6911,6911,6911,6911,6911,6911,6911,6911,6911,6911,6911,6911,6911,6911,6911,6911,6911,6911,6911,6911,6911,6911,6911,6911,6911,6911,6911,6911,6911,6911,6911,6911,6911,6911,6911,6911,6911,6911,6911,6911,6911,6911,6911,6911,6911,6911,6911,6911,6911,6911,6911,6911,6911,6911,6911,6911,6911,6911,6911,6911,6911,6911,6911,6911,6909,6909,6909,6899,6899,6899,6899,6899,6899,6899,6899,6899,6899,6899,6899,6899,6899,6899,6899,6899,6899,6899,6899,6899,6899,6899,6899,6899,6899,6899,6899,6899,6899,6899,6899,6899,6899,6899,6899,6899,6899,6899,6899,6899,6899,6889,6889,6889,6889,6889,6889,6889,6889,6889,6889,6889,6889,6889,6889,6889,6889,6889,6889)

plot(MEGA2eeprom,MEGA2boottime,ylim=range(c(0,60)),xlim=range(c(0,4096)),xlab="EEPROM size (byte)", ylab="Boot time (ms)", main="EEPROM size boot time influence",xaxs="i",yaxs="i",col="red")
abline(lm(MEGA2boottime~MEGA2eeprom),col="red")
#legend("topleft", "lm(MEGAboottime~MEGAeeprom)")

lines(ATeeprom,ATboottime, pch=8,type="b",col="blue")
abline(lm(ATboottime~ATeeprom),col="blue")
legend("topleft", inset=.05, title="AVR product",
       c("328p","2560"), fill=c("blue","red"), horiz=TRUE)

axis(1, at=c(max(ATeeprom),max(MEGA2eeprom)),labels=c(max(ATeeprom),max(MEGA2eeprom)), col.axis="red", las=0,padj=-1.2)
axis(2, at=c(max(ATboottime),max(MEGA2boottime)),labels=c(max(ATboottime),max(MEGA2boottime)), col.axis="red", las=0,padj=1.2)


legend("bottomright", c("boot328=3.63+0.012*eeprom328","bootMega=3.72+0.013*eepromMega"), pch=1, title="Lm(boottime ~ eeprom) Extracted formula")

