boottime <-c(12,6,8,9,10,8,9,11,7,6,7,7,8,6,8,9,10,8,7,8,13,6,12,9,14,5,6,7,9,6,8,9,11,13,4,5,6,7,11,13,11,9,5,5,7,8,14,7,10,5)
eeprom <-c(675,190,348,486,504,377,455,603,233,169,271,307,378,242,349,466,529,401,276,328,781,179,717,419,886,126,166,286,420,208,339,445,593,752,61,144,209,297,632,815,582,462,124,95,251,318,844,313,547,102)
sdram <-c(1282,1282,1282,1282,1282,1282,1262,1282,1262,1282,1282,1262,1262,1282,1262,1262,1282,1282,1262,1262,1282,1282,1282,1282,1282,1282,1272,1262,1262,1282,1262,1262,1282,1282,1348,1282,1272,1262,1282,1282,1282,1282,1272,1272,1262,1262,1282,1282,1282,1348)
