downtime <-c(248,379,93,95,111,379,378,240,239,221,235,139,93,153,378,599,233,153,221,397,248,398,111,240,94,184,152,396,94,222,141,60,234,397,140,218,95,58,703,152,398,239,154,397,139,240,58,184,184,153,152,184,248,154,94,397,240,112,240,221,140,702,222,111,111,185,183,248,221,221,378,58,58,396,140,239,233,234,247,94,221,140,58,396,185,240,184,112,599,154,140,221,378,110,112,239,221,235,139,221,379,396,59,396,704,221,152,248,248,184,221,94,235,59,153,139,378,184,396,234,397,139,221,184,111,396,140,235,239,247,897,93,234,153,378,59,396,222,184,140,59,248,599,140,139,140,59,234,95,248,235,111,396,378,94,248,221,94,153,234,221,378,112,110,378,58,248,378,58,111,184,396,396,153,111,378,234,397,396,112,139,248,247,396,318,184,184,184,247,247,378,58,240,221,112,396,139,185,235,95,222,59,59,140,184,58,94,94,139,396,140,154,234,396,248,184,152,112,110,248,234,184,248,235,59,396,234,112,221,59,184,222,184,233,183,221,185,471,248,379,184,222,239,222,248,248,139,897,378,59,94,247,184,154,139,111,472,139,111,239,94,221,58,248,94,94,248,235,396,111,240,58,58,112,394,397,94,378,154,221,139,139,234,221,154,185,153,240,185,248,111,94,60,221,221,93,111,248,916,93,184,94,218,112,396,94,239,235,221,247,95,222,140,139,248,183,153,112,396,235,234,152,185,111,240,397,235,140,184,396,111,183,185,183,240,59,239,140,318,240,240,153,221,140,222,152,898,139,235,235,221,378,240,112,378,248,580,704,235,378,378,378,897,221,221,221,185,152,152,59,152,248,153,184,248,235,153,58,59,185,248,248,378,59,139,247,58,396,95,378,396,917,139,152,222,378,234,247,111,94,139,396,240,235,916,378,183,111,185,95,599,234,185,59,898,234,240,703,221,58,111,234,247,184,248,235,240,240,397,234,377,94,240,378,110,234,239,185,111,140,234,239,396,221,396,377,139,58,112,141,154,111,112,110,379,183,111,234,240,396,139,221,240,377,58,240,396,184,897,235,94,139,394,248,152,240,248,319,378,377,93,234,248,396,472,95,112,378,235,397,396,222,248,247,239,397,234,111,221,153)
eeprom <-c(581,632,237,533,423,169,837,762,138,478,588,143,331,658,618,107,218,802,447,693,222,492,786,202,299,169,502,772,67,478,408,511,865,530,667,48,499,625,154,252,801,572,317,184,896,529,375,323,765,643,655,169,222,503,304,184,624,603,615,123,831,154,463,477,707,494,787,221,123,309,834,79,546,492,344,870,821,682,237,608,308,811,233,618,169,477,861,537,107,296,513,783,295,523,610,349,911,218,750,876,639,354,419,582,154,714,820,537,407,153,858,237,757,311,242,314,788,832,588,594,339,159,882,678,896,413,594,312,618,724,154,516,919,391,714,234,868,558,663,285,79,252,107,720,565,344,920,387,333,856,829,860,713,323,268,656,631,178,922,480,389,324,882,727,589,190,296,664,79,860,908,449,832,562,862,249,556,184,651,833,218,719,749,385,67,153,354,644,392,534,511,280,107,308,598,618,819,395,800,378,589,593,249,869,883,465,727,193,894,248,559,835,497,855,634,323,916,351,833,453,557,228,487,708,174,905,477,706,894,390,226,780,469,218,339,795,413,107,407,767,679,387,520,278,686,917,388,154,758,280,665,222,849,730,425,352,67,763,617,249,735,784,79,466,253,283,562,470,854,277,719,234,264,692,48,466,409,851,252,775,513,820,727,522,147,184,518,354,805,407,182,67,295,759,123,422,372,579,154,268,635,612,48,911,570,252,684,218,308,703,908,447,608,143,237,736,876,256,582,290,889,391,169,690,836,604,477,143,227,847,795,433,566,323,890,264,779,470,67,888,277,739,786,483,123,826,154,749,217,555,699,757,447,182,339,237,107,154,646,324,605,397,154,803,618,690,906,577,732,716,747,222,487,228,855,386,704,917,249,660,222,252,620,361,390,221,249,862,575,339,416,154,836,349,293,681,556,237,800,530,514,513,277,778,154,805,493,182,419,162,107,403,344,885,154,387,462,154,373,308,632,359,295,656,915,218,837,434,699,403,67,613,895,406,212,696,323,825,351,660,513,277,575,123,662,67,777,499,181,742,363,212,741,367,339,153,633,461,880,449,906,448,741,339,589,713,153,491,154,682,838,654,48,919,922,445,728,67,398,67,237,703,422,524,67,703,815,509,418,787,322,664,905,237,614,495,684,180,298,873)
sdram <-c(875,875,875,867,883,875,875,875,875,875,867,875,867,867,867,867,875,875,875,867,867,867,875,875,875,867,867,867,875,867,875,875,875,867,867,875,875,867,867,875,875,875,875,867,875,875,867,875,875,867,875,875,875,875,875,875,875,867,875,875,867,875,875,875,875,875,875,875,875,875,875,875,875,875,875,875,875,875,875,875,875,875,875,875,875,875,875,875,867,875,875,867,867,867,875,891,875,867,867,875,875,875,867,867,867,867,875,875,867,867,875,875,867,875,875,867,867,875,875,867,867,875,875,875,867,875,867,867,867,875,875,867,867,875,875,867,867,867,875,875,875,867,875,867,875,875,867,875,867,867,875,875,875,867,875,875,867,875,875,875,867,875,875,867,875,875,875,875,867,875,875,875,875,875,875,875,875,875,875,875,875,875,875,875,875,875,875,867,875,875,875,875,875,875,867,875,867,891,867,867,867,875,875,867,875,875,867,867,875,867,867,867,867,867,875,867,875,875,867,875,867,875,875,867,867,867,875,875,867,867,891,875,883,875,867,867,867,867,875,867,875,867,875,867,867,875,875,875,875,875,867,867,875,875,867,875,875,867,875,875,875,875,875,875,875,875,875,875,875,875,875,875,875,875,875,875,875,875,875,875,875,875,875,875,875,875,875,875,875,875,875,875,875,875,867,867,875,875,875,875,867,875,875,875,875,875,867,867,875,867,867,867,875,867,867,867,875,875,875,891,867,867,867,867,875,875,867,867,875,875,867,867,875,875,867,867,867,867,867,875,875,867,875,875,875,875,875,875,875,875,867,875,875,875,867,875,875,867,867,875,875,875,867,875,875,875,875,875,875,875,875,875,875,875,875,875,875,875,875,875,875,875,875,875,875,867,875,867,867,867,875,875,867,875,867,875,867,867,867,875,867,875,867,875,875,867,867,875,875,867,875,867,875,875,867,867,867,875,875,875,875,867,875,875,875,875,875,867,867,867,867,867,867,875,875,875,867,867,867,875,875,875,867,867,867,875,875,875,875,875,867,875,875,867,875,875,875,875,875,875,875,875,875,875,875,875,875,875,875,875,867,875,875,875,875,875,875,875,875,875,867,875,875,867,867,875,875,875,875,875,875,875,875,875,875,867,875,891,875,875)
