downtime <-c(248,221,184,112,153,222,152,221,140,93,378,112,140,94,58,94,221,139,599,139,94,59,397,248,378,112,140,396,247,378,112,140,95,59,599,140,94,58,93,221,185,247,378,248,221,140,397,234,396,393)
eeprom <-c(220,276,322,350,390,446,486,542,578,597,699,727,763,782,794,813,869,905,107,143,162,174,279,347,449,477,513,618,686,788,816,852,871,883,107,143,162,174,193,249,295,363,465,533,589,625,730,794,899,48)
sdram <-c(763,763,763,763,763,763,763,763,763,763,763,763,763,763,763,763,763,763,763,763,763,763,763,763,763,763,763,763,763,763,763,763,763,763,763,763,763,763,763,763,763,763,763,755,755,755,755,755,755,755)
