downtime <-c(43,44,44,43,44,44,43,43,43,44,49,48,48,48,47,48,48,48,47,47,47,49,47,47,48,48,48,47,47,49,48,47,48,48,47,46,47,49,47,48,46,47,47,47,47,46,49,49,48,47,48,48,49,47,47,47,47,46,48,46,46,46,48,48,46,46,45,48,48,47,48,44,45,45,47,47,48,48,47,45,46,46,45,45,47,49,45,48,48,49,46,46,49,47,46,47,48,48,46,47)
eeprom <-c(281,289,297,305,313,321,329,337,345,353,362,371,380,389,398,407,416,425,434,443,452,461,470,479,488,497,506,515,524,533,542,551,560,569,578,587,596,605,614,623,632,641,650,659,668,677,686,695,704,713,722,731,740,749,758,767,776,785,794,803,812,821,830,839,848,857,866,875,884,893,902,911,920,929,938,947,956,965,974,983,992,1001,1010,1019,1028,1037,1046,1055,1064,1073,1082,1091,1100,1109,1118,1127,1136,1145,1154,1163)
sdram <-c(5962,5914,5864,5812,5758,5702,5644,5584,5522,5458,5392,5324,5254,5182,5108,5032,5032,4952,4952,4868,4868,4780,4780,4688,4688,4592,4592,4492,4390,4286,4286,4178,4178,4066,4066,3950,3950,3830,3830,3706,3706,3706,3576,3576,3442,3442,3304,3304,3304,3160,3160,3012,3012,2860,2860,2860,2860,2860,2860,2860,2860,2692,2692,2692,2518,2518,2340,2340,2340,2156,2156,1968,1968,1968,1968,1968,1968,1968,1968,1764,1764,1764,1554,1554,1340,1340,1340,1340,1340,1340,1114,1114,1114,1114,1114,878,878,638,638,638)
