downtime <-c(43,43,43,44,43,43,44,44,42,44,48,47,47,49,48,47,48,48,48,46,48,48,46,47,46,47,48,49,46,46,48,48,47,48,49,47,48,47,48,46,48,45,48,48,44,47,46,46,45,47,45,45,45,48,46,46,49,47,46,45,47,45,44,46,48,47,48,46,45,46,48,48,44,48,46,45,47,45,45,46,45,47,44,43,45,46,47,43,45,44,45,43,48,47,43,44,44,48,44,44)
eeprom <-c(459,467,475,483,491,499,507,515,523,531,540,549,558,567,576,585,594,603,612,621,630,639,648,657,666,675,684,693,702,711,720,729,738,747,756,765,774,783,792,801,810,819,828,837,846,855,864,873,882,891,900,909,918,927,936,945,954,963,972,981,990,999,1008,1017,1026,1035,1044,1053,1062,1071,1080,1089,1098,1107,1116,1125,1134,1143,1152,1161,1170,1179,1188,1197,1206,1215,1224,1233,1242,1251,1260,1269,1278,1287,1296,1305,1314,1323,1332,1341)
sdram <-c(4397,4293,4293,4185,4185,4073,4073,3957,3957,3837,3837,3713,3713,3713,3583,3583,3449,3449,3311,3311,3311,3167,3167,3019,3019,2867,2867,2867,2867,2867,2867,2867,2867,2699,2699,2699,2525,2525,2347,2347,2347,2163,2163,1975,1975,1975,1975,1975,1975,1975,1975,1771,1771,1771,1561,1561,1347,1347,1347,1347,1347,1347,1121,1121,1121,1121,1121,885,885,645,645,645,645,645,645,645,645,645,387,387,125,125,125,125,125,125,125,125,125,125,125,125,125,125,125,125,125,125,125,125)
